ambient[]={0.639216,0.639216,0.639216,1.000000};
diffuse[]={0.639216,0.639216,0.639216,1.000000};
forcedDiffuse[]={0.000000,0.000000,0.000000,0.000000};
emmisive[]={0.000000,0.000000,0.000000,1.000000};
specular[]={0.933333,0.933333,0.933333,1.000000};
specularPower=16.000000;
PixelShaderID="Normal";
VertexShaderID="Basic";
